# Migration is number of nodes that have changed color.

Round		Edge-Cut		Swaps		Migrations		Skipped
0		3800		1614		1639
1		2743		2474		1686
2		2369		2989		1724
3		2155		3338		1749
4		2007		3610		1745
5		1912		3818		1763
6		1877		4013		1767
7		1816		4196		1765
8		1779		4350		1765
9		1769		4506		1769
10		1747		4644		1768
11		1729		4782		1773
12		1696		4909		1768
13		1662		5016		1763
14		1653		5126		1784
15		1658		5244		1784
16		1645		5344		1783
17		1619		5426		1777
18		1599		5501		1773
19		1594		5568		1774
20		1576		5658		1766
21		1552		5726		1769
22		1547		5809		1772
23		1536		5860		1776
24		1534		5918		1775
25		1534		5972		1775
26		1534		6023		1775
27		1532		6074		1780
28		1524		6134		1771
29		1526		6199		1770
30		1519		6252		1768
31		1518		6292		1783
32		1512		6325		1781
33		1512		6370		1771
34		1508		6407		1772
35		1504		6451		1781
36		1504		6501		1783
37		1500		6545		1788
38		1503		6587		1776
39		1499		6627		1778
40		1497		6666		1776
41		1495		6713		1777
42		1492		6742		1773
43		1491		6783		1765
44		1482		6825		1775
45		1483		6858		1768
46		1483		6895		1765
47		1483		6925		1770
48		1482		6971		1764
49		1486		7018		1763
50		1487		7067		1766
51		1491		7109		1774
52		1488		7143		1779
53		1487		7183		1786
54		1483		7227		1784
55		1486		7262		1787
56		1487		7284		1789
57		1487		7306		1785
58		1486		7330		1788
59		1487		7356		1787
60		1486		7392		1786
61		1492		7424		1782
62		1489		7458		1779
63		1485		7497		1783
64		1482		7530		1786
65		1482		7563		1790
66		1481		7602		1786
67		1477		7632		1787
68		1482		7662		1793
69		1477		7690		1791
70		1473		7731		1795
71		1475		7755		1791
72		1475		7793		1782
73		1474		7819		1780
74		1479		7851		1772
75		1474		7890		1780
76		1477		7934		1776
77		1476		7970		1775
78		1476		8001		1765
79		1476		8029		1775
80		1480		8073		1775
81		1476		8118		1773
82		1478		8150		1776
83		1478		8182		1777
84		1479		8212		1774
85		1482		8234		1771
86		1485		8275		1769
87		1485		8307		1781
88		1486		8336		1773
89		1479		8373		1770
90		1481		8413		1776
91		1478		8450		1774
92		1487		8480		1777
93		1488		8520		1774
94		1478		8554		1769
95		1478		8582		1766
96		1476		8614		1768
97		1477		8649		1763
98		1480		8677		1767
99		1479		8711		1775
100		1472		8739		1777
101		1471		8772		1775
102		1469		8806		1783
103		1475		8848		1783
104		1474		8883		1776
105		1470		8910		1770
106		1468		8934		1770
107		1468		8967		1770
108		1467		8992		1777
109		1472		9017		1772
110		1477		9049		1772
111		1476		9090		1775
112		1474		9128		1781
113		1472		9157		1784
114		1469		9191		1783
115		1467		9219		1782
116		1467		9245		1782
117		1468		9272		1774
118		1470		9306		1771
119		1470		9332		1773
120		1472		9369		1770
121		1471		9409		1775
122		1466		9449		1776
123		1467		9480		1779
124		1468		9521		1774
125		1468		9557		1777
126		1477		9584		1775
127		1471		9626		1778
128		1475		9664		1782
129		1477		9701		1786
130		1474		9729		1795
131		1469		9767		1787
132		1468		9789		1785
133		1468		9819		1786
134		1466		9854		1783
135		1468		9882		1779
136		1471		9907		1783
137		1469		9936		1789
138		1467		9963		1786
139		1471		9993		1793
140		1473		10024		1792
141		1468		10047		1792
142		1466		10084		1794
143		1470		10114		1787
144		1468		10138		1782
145		1475		10167		1786
146		1477		10197		1781
147		1476		10226		1774
148		1477		10255		1777
149		1480		10280		1772
150		1482		10307		1773
151		1480		10344		1779
152		1480		10380		1773
153		1479		10418		1767
154		1476		10448		1775
155		1472		10495		1781
156		1467		10522		1782
157		1469		10550		1777
158		1468		10572		1766
159		1469		10601		1766
160		1473		10652		1771
161		1471		10680		1766
162		1473		10711		1769
163		1475		10741		1775
164		1472		10778		1775
165		1474		10810		1770
166		1480		10840		1777
167		1476		10875		1773
168		1480		10906		1769
169		1480		10938		1773
170		1477		10964		1773
171		1475		10996		1768
172		1474		11016		1768
173		1475		11052		1763
174		1481		11090		1768
175		1475		11133		1763
176		1475		11161		1761
177		1478		11199		1758
178		1473		11233		1765
179		1468		11269		1750
180		1472		11298		1763
181		1471		11330		1756
182		1476		11354		1763
183		1479		11381		1767
184		1471		11409		1771
185		1469		11436		1767
186		1469		11464		1757
187		1471		11495		1749
188		1474		11515		1745
189		1473		11544		1757
190		1470		11568		1760
191		1471		11594		1757
192		1473		11632		1763
193		1475		11664		1766
194		1476		11695		1766
195		1477		11728		1773
196		1476		11757		1777
197		1478		11785		1783
198		1478		11821		1781
199		1478		11857		1776
200		1482		11888		1780
201		1482		11918		1781
202		1483		11942		1782
203		1481		11969		1781
204		1483		12005		1775
205		1484		12047		1776
206		1485		12087		1779
207		1484		12117		1784
208		1486		12139		1786
209		1482		12165		1787
210		1484		12204		1781
211		1484		12237		1785
212		1486		12262		1787
213		1487		12286		1779
214		1491		12322		1786
215		1489		12355		1783
216		1483		12398		1774
217		1480		12429		1774
218		1489		12465		1779
219		1487		12502		1788
220		1485		12534		1788
221		1481		12569		1785
222		1488		12608		1779
223		1486		12641		1772
224		1487		12684		1768
225		1490		12717		1767
226		1491		12770		1765
227		1491		12804		1767
228		1489		12839		1756
229		1489		12876		1762
230		1487		12909		1768
231		1489		12944		1775
232		1489		12972		1772
233		1494		13021		1763
234		1501		13058		1766
235		1496		13101		1763
236		1496		13142		1774
237		1498		13191		1773
238		1496		13223		1771
239		1497		13267		1771
240		1495		13302		1766
241		1497		13343		1776
242		1493		13387		1770
243		1491		13420		1773
244		1493		13453		1777
245		1492		13486		1777
246		1492		13518		1780
247		1490		13554		1782
248		1491		13603		1775
249		1490		13647		1777
250		1475		13691		1776
251		1467		13717		1778
252		1466		13744		1767
253		1463		13761		1771
254		1463		13785		1777
255		1462		13806		1777
256		1455		13822		1779
257		1454		13833		1778
258		1454		13854		1778
259		1454		13866		1777
260		1452		13891		1778
261		1451		13908		1776
262		1449		13922		1774
263		1446		13945		1771
264		1445		13955		1774
265		1444		13966		1771
266		1442		13976		1773
267		1443		13986		1779
268		1442		13998		1780
269		1440		14007		1781
270		1439		14013		1782
271		1439		14021		1783
272		1439		14025		1784
273		1438		14037		1790
274		1438		14043		1790
275		1438		14052		1787
276		1437		14064		1791
277		1437		14074		1788
278		1437		14079		1787
279		1437		14087		1789
280		1436		14103		1785
281		1436		14106		1786
282		1435		14115		1786
283		1434		14119		1786
284		1434		14129		1782
285		1434		14138		1778
286		1433		14148		1776
287		1433		14157		1783
288		1433		14166		1782
289		1432		14170		1781
290		1432		14176		1779
291		1432		14183		1778
292		1431		14189		1777
293		1431		14192		1778
294		1431		14200		1775
295		1431		14212		1774
296		1431		14215		1773
297		1431		14222		1774
298		1430		14225		1774
299		1428		14237		1775
300		1428		14241		1778
301		1427		14244		1779
302		1427		14246		1782
303		1427		14250		1781
304		1427		14256		1783
305		1427		14258		1784
306		1426		14264		1785
307		1425		14276		1784
308		1425		14284		1787
309		1424		14291		1787
310		1424		14297		1787
311		1424		14303		1785
312		1424		14308		1786
313		1424		14310		1788
314		1424		14314		1786
315		1424		14319		1786
316		1424		14324		1788
317		1424		14328		1787
318		1424		14335		1788
319		1424		14337		1787
320		1424		14339		1786
321		1424		14346		1786
322		1424		14351		1787
323		1424		14354		1787
324		1424		14362		1786
325		1424		14366		1781
326		1424		14368		1783
327		1424		14375		1784
328		1424		14380		1784
329		1424		14383		1781
330		1424		14386		1780
331		1424		14394		1777
332		1424		14402		1779
333		1424		14408		1779
334		1424		14408		1779
335		1424		14408		1779
336		1424		14408		1779
337		1422		14410		1781
338		1422		14410		1781
339		1422		14410		1781
340		1422		14410		1781
341		1421		14411		1782
342		1421		14411		1782
343		1421		14411		1782
344		1421		14411		1782
345		1421		14411		1782
346		1421		14411		1782
347		1421		14411		1782
348		1420		14412		1783
349		1420		14412		1783
350		1419		14413		1783
351		1419		14413		1783
352		1418		14414		1783
353		1417		14415		1785
354		1417		14415		1785
355		1417		14415		1785
356		1416		14416		1785
357		1415		14417		1785
358		1414		14418		1787
359		1414		14418		1787
360		1414		14418		1787
361		1414		14418		1787
362		1414		14418		1787
363		1414		14418		1787
364		1414		14418		1787
365		1414		14418		1787
366		1414		14418		1787
367		1414		14418		1787
368		1414		14418		1787
369		1414		14418		1787
370		1414		14418		1787
371		1414		14418		1787
372		1414		14418		1787
373		1414		14418		1787
374		1413		14419		1787
375		1413		14419		1787
376		1413		14419		1787
377		1413		14419		1787
378		1413		14419		1787
379		1413		14419		1787
380		1413		14419		1787
381		1413		14419		1787
382		1413		14419		1787
383		1413		14419		1787
384		1413		14419		1787
385		1413		14419		1787
386		1413		14419		1787
387		1413		14419		1787
388		1413		14419		1787
389		1413		14419		1787
390		1413		14419		1787
391		1413		14419		1787
392		1413		14419		1787
393		1413		14419		1787
394		1413		14419		1787
395		1413		14419		1787
396		1413		14419		1787
397		1413		14419		1787
398		1413		14419		1787
399		1413		14419		1787
400		1413		14419		1787
401		1413		14419		1787
402		1413		14419		1787
403		1413		14419		1787
404		1413		14419		1787
405		1413		14419		1787
406		1413		14419		1787
407		1413		14419		1787
408		1413		14419		1787
409		1413		14419		1787
410		1413		14419		1787
411		1413		14419		1787
412		1412		14420		1786
413		1412		14420		1786
414		1412		14420		1786
415		1412		14420		1786
416		1412		14420		1786
417		1412		14420		1786
418		1412		14420		1786
419		1412		14420		1786
420		1412		14420		1786
421		1412		14420		1786
422		1412		14420		1786
423		1412		14420		1786
424		1412		14420		1786
425		1412		14420		1786
426		1412		14420		1786
427		1412		14420		1786
428		1412		14420		1786
429		1412		14420		1786
430		1412		14420		1786
431		1412		14420		1786
432		1412		14420		1786
433		1412		14420		1786
434		1412		14420		1786
435		1412		14420		1786
436		1412		14420		1786
437		1412		14420		1786
438		1412		14420		1786
439		1412		14420		1786
440		1412		14420		1786
441		1412		14420		1786
442		1412		14420		1786
443		1412		14420		1786
444		1412		14420		1786
445		1412		14420		1786
446		1412		14420		1786
447		1412		14420		1786
448		1412		14420		1786
449		1412		14420		1786
450		1412		14420		1786
451		1412		14420		1786
452		1412		14420		1786
453		1412		14420		1786
454		1412		14420		1786
455		1412		14420		1786
456		1412		14420		1786
457		1412		14420		1786
458		1412		14420		1786
459		1412		14420		1786
460		1412		14420		1786
461		1412		14420		1786
462		1412		14420		1786
463		1412		14420		1786
464		1412		14420		1786
465		1412		14420		1786
466		1412		14420		1786
467		1411		14421		1787
468		1411		14421		1787
469		1411		14421		1787
470		1411		14421		1787
471		1411		14421		1787
472		1411		14421		1787
473		1411		14421		1787
474		1411		14421		1787
475		1411		14421		1787
476		1411		14421		1787
477		1411		14421		1787
478		1411		14421		1787
479		1411		14421		1787
480		1411		14421		1787
481		1411		14421		1787
482		1411		14421		1787
483		1411		14421		1787
484		1411		14421		1787
485		1411		14421		1787
486		1411		14421		1787
487		1411		14421		1787
488		1411		14421		1787
489		1411		14421		1787
490		1411		14421		1787
491		1411		14421		1787
492		1411		14421		1787
493		1411		14421		1787
494		1411		14421		1787
495		1411		14421		1787
496		1411		14421		1787
497		1411		14421		1787
498		1411		14421		1787
499		1411		14421		1787
500		1422		14433		1787
501		1432		14455		1784
502		1439		14479		1780
503		1448		14510		1777
504		1458		14545		1776
505		1464		14572		1772
506		1464		14614		1778
507		1464		14642		1785
508		1462		14668		1782
509		1462		14692		1775
510		1458		14727		1777
511		1462		14760		1777
512		1476		14799		1777
513		1476		14839		1789
514		1477		14881		1795
515		1469		14923		1798
516		1468		14969		1793
517		1469		14998		1793
518		1475		15038		1769
519		1476		15074		1782
520		1477		15124		1773
521		1475		15156		1782
522		1478		15191		1783
523		1474		15233		1785
524		1473		15269		1784
525		1473		15306		1781
526		1472		15341		1783
527		1475		15374		1778
528		1478		15405		1774
529		1483		15440		1776
530		1478		15484		1764
531		1476		15527		1770
532		1481		15573		1773
533		1483		15604		1776
534		1477		15636		1776
535		1476		15671		1774
536		1486		15709		1772
537		1487		15759		1784
538		1482		15794		1783
539		1483		15838		1788
540		1470		15876		1787
541		1473		15905		1781
542		1478		15951		1790
543		1476		15990		1785
544		1476		16025		1782
545		1476		16060		1777
546		1473		16094		1775
547		1474		16127		1771
548		1480		16171		1779
549		1483		16211		1787
550		1486		16245		1787
551		1476		16281		1791
552		1477		16316		1796
553		1485		16353		1797
554		1489		16393		1792
555		1492		16442		1786
556		1490		16480		1785
557		1487		16515		1785
558		1486		16544		1783
559		1488		16582		1790
560		1480		16612		1786
561		1479		16649		1800
562		1478		16683		1795
563		1478		16726		1792
564		1477		16767		1785
565		1479		16803		1790
566		1473		16829		1786
567		1470		16867		1780
568		1467		16899		1783
569		1469		16932		1779
570		1469		16968		1777
571		1463		17006		1773
572		1463		17035		1785
573		1465		17055		1783
574		1468		17097		1777
575		1467		17133		1779
576		1464		17174		1779
577		1462		17205		1778
578		1462		17224		1774
579		1459		17252		1772
580		1467		17280		1768
581		1467		17306		1775
582		1463		17342		1782
583		1460		17370		1779
584		1464		17404		1785
585		1465		17454		1772
586		1468		17495		1769
587		1467		17537		1773
588		1459		17569		1774
589		1461		17597		1771
590		1457		17629		1777
591		1463		17660		1779
592		1467		17697		1776
593		1474		17731		1779
594		1469		17770		1785
595		1465		17792		1785
596		1467		17823		1784
597		1468		17854		1788
598		1473		17886		1795
599		1477		17918		1791
600		1479		17953		1784
601		1473		17991		1789
602		1473		18018		1797
603		1472		18039		1794
604		1471		18073		1789
605		1471		18116		1786
606		1472		18154		1784
607		1471		18182		1783
608		1467		18214		1787
609		1471		18247		1784
610		1474		18276		1779
611		1474		18305		1782
612		1478		18342		1772
613		1474		18382		1772
614		1478		18414		1780
615		1476		18438		1782
616		1474		18473		1768
617		1473		18506		1768
618		1472		18539		1769
619		1467		18568		1772
620		1464		18592		1783
621		1468		18626		1780
622		1467		18652		1785
623		1463		18694		1787
624		1465		18723		1788
625		1466		18747		1785
626		1469		18770		1784
627		1465		18798		1791
628		1464		18823		1797
629		1461		18844		1800
630		1465		18877		1790
631		1464		18904		1795
632		1463		18938		1799
633		1466		18965		1796
634		1473		18989		1790
635		1480		19036		1792
636		1480		19060		1794
637		1470		19093		1789
638		1471		19131		1782
639		1471		19163		1776
640		1472		19207		1779
641		1466		19242		1781
642		1466		19276		1782
643		1468		19311		1785
644		1465		19338		1784
645		1464		19363		1788
646		1463		19390		1794
647		1463		19424		1796
648		1459		19449		1784
649		1460		19477		1779
650		1461		19502		1781
651		1460		19528		1778
652		1461		19555		1781
653		1462		19581		1772
654		1465		19609		1769
655		1463		19628		1769
656		1465		19669		1773
657		1462		19703		1774
658		1470		19735		1776
659		1469		19774		1786
660		1468		19802		1783
661		1463		19824		1778
662		1461		19850		1779
663		1461		19877		1778
664		1464		19904		1780
665		1467		19932		1785
666		1473		19961		1775
667		1471		19990		1774
668		1466		20018		1779
669		1466		20047		1777
670		1467		20094		1774
671		1465		20108		1775
672		1466		20141		1768
673		1467		20179		1775
674		1469		20214		1782
675		1470		20240		1771
676		1472		20278		1777
677		1466		20313		1784
678		1467		20343		1781
679		1472		20371		1774
680		1465		20399		1784
681		1466		20433		1783
682		1460		20458		1784
683		1456		20484		1781
684		1464		20517		1778
685		1465		20549		1772
686		1463		20566		1776
687		1460		20594		1771
688		1461		20624		1776
689		1464		20655		1785
690		1467		20680		1785
691		1471		20715		1787
692		1465		20744		1783
693		1472		20784		1779
694		1464		20817		1781
695		1464		20849		1782
696		1461		20876		1780
697		1460		20912		1777
698		1462		20931		1774
699		1459		20952		1776
700		1459		20986		1775
701		1460		21001		1779
702		1457		21031		1776
703		1457		21053		1777
704		1459		21078		1777
705		1458		21103		1774
706		1461		21129		1776
707		1457		21168		1771
708		1461		21190		1769
709		1458		21216		1773
710		1461		21255		1773
711		1464		21288		1776
712		1463		21312		1771
713		1461		21344		1775
714		1460		21372		1766
715		1460		21401		1768
716		1464		21422		1776
717		1469		21471		1776
718		1471		21498		1775
719		1468		21537		1773
720		1469		21560		1775
721		1469		21589		1765
722		1464		21619		1761
723		1470		21652		1766
724		1475		21687		1772
725		1470		21735		1766
726		1465		21763		1760
727		1461		21789		1764
728		1463		21812		1769
729		1462		21838		1774
730		1466		21863		1767
731		1463		21886		1766
732		1466		21921		1765
733		1461		21952		1764
734		1459		21981		1767
735		1460		22011		1779
736		1461		22040		1784
737		1461		22064		1783
738		1461		22094		1785
739		1464		22128		1782
740		1464		22161		1767
741		1462		22190		1763
742		1456		22220		1766
743		1461		22249		1772
744		1466		22279		1768
745		1463		22313		1763
746		1462		22347		1767
747		1464		22369		1767
748		1463		22393		1766
749		1462		22429		1775
750		1461		22462		1776
751		1456		22488		1782
752		1449		22505		1789
753		1447		22518		1784
754		1444		22538		1785
755		1441		22554		1784
756		1439		22568		1782
757		1438		22582		1783
758		1437		22596		1780
759		1436		22601		1784
760		1436		22607		1783
761		1436		22617		1779
762		1433		22623		1780
763		1431		22630		1779
764		1431		22636		1778
765		1431		22648		1786
766		1429		22658		1789
767		1429		22670		1790
768		1428		22679		1791
769		1428		22689		1790
770		1427		22695		1792
771		1427		22699		1794
772		1427		22704		1794
773		1427		22712		1796
774		1427		22721		1796
775		1427		22731		1796
776		1425		22739		1795
777		1425		22745		1796
778		1424		22753		1791
779		1423		22757		1788
780		1423		22763		1785
781		1423		22768		1787
782		1423		22773		1787
783		1423		22778		1789
784		1423		22785		1792
785		1423		22791		1793
786		1423		22794		1794
787		1423		22798		1793
788		1423		22800		1791
789		1423		22805		1792
790		1422		22813		1794
791		1422		22814		1794
792		1421		22824		1797
793		1421		22827		1798
794		1421		22831		1796
795		1420		22834		1793
796		1419		22839		1792
797		1419		22843		1790
798		1419		22849		1789
799		1419		22854		1789
800		1419		22856		1790
801		1419		22864		1791
802		1419		22867		1790
803		1419		22870		1791
804		1419		22874		1790
805		1418		22878		1791
806		1418		22880		1792
807		1418		22883		1792
808		1418		22886		1792
809		1418		22890		1794
810		1418		22894		1794
811		1416		22900		1798
812		1416		22904		1801
813		1415		22907		1801
814		1415		22909		1804
815		1415		22913		1804
816		1415		22918		1805
817		1414		22921		1806
818		1414		22923		1805
819		1414		22925		1805
820		1414		22927		1805
821		1414		22932		1801
822		1413		22934		1799
823		1413		22935		1798
824		1413		22938		1798
825		1413		22939		1800
826		1413		22939		1800
827		1413		22941		1801
828		1413		22945		1799
829		1413		22947		1801
830		1413		22951		1803
831		1412		22955		1807
832		1412		22959		1805
833		1412		22964		1806
834		1412		22964		1806
835		1411		22965		1808
836		1411		22965		1808
837		1410		22966		1809
838		1410		22966		1809
839		1410		22966		1809
840		1410		22966		1809
841		1410		22966		1809
842		1410		22966		1809
843		1410		22966		1809
844		1410		22966		1809
845		1410		22966		1809
846		1410		22966		1809
847		1410		22966		1809
848		1409		22967		1808
849		1409		22967		1808
850		1408		22968		1808
851		1408		22968		1808
852		1408		22968		1808
853		1408		22968		1808
854		1408		22968		1808
855		1408		22968		1808
856		1407		22969		1808
857		1407		22969		1808
858		1407		22969		1808
859		1407		22969		1808
860		1407		22969		1808
861		1407		22969		1808
862		1407		22969		1808
863		1407		22969		1808
864		1406		22970		1806
865		1406		22970		1806
866		1406		22970		1806
867		1406		22970		1806
868		1406		22970		1806
869		1406		22970		1806
870		1406		22970		1806
871		1406		22970		1806
872		1406		22970		1806
873		1406		22970		1806
874		1406		22970		1806
875		1406		22970		1806
876		1406		22970		1806
877		1406		22970		1806
878		1406		22970		1806
879		1406		22970		1806
880		1406		22970		1806
881		1406		22970		1806
882		1406		22970		1806
883		1406		22970		1806
884		1406		22970		1806
885		1406		22970		1806
886		1406		22970		1806
887		1406		22970		1806
888		1406		22970		1806
889		1406		22970		1806
890		1406		22970		1806
891		1406		22970		1806
892		1406		22970		1806
893		1406		22970		1806
894		1406		22970		1806
895		1406		22970		1806
896		1406		22970		1806
897		1406		22970		1806
898		1405		22971		1806
899		1405		22971		1806
900		1405		22971		1806
901		1405		22971		1806
902		1405		22971		1806
903		1405		22971		1806
904		1405		22971		1806
905		1405		22971		1806
906		1405		22971		1806
907		1405		22971		1806
908		1405		22971		1806
909		1405		22971		1806
910		1405		22971		1806
911		1405		22971		1806
912		1405		22971		1806
913		1405		22971		1806
914		1405		22971		1806
915		1405		22971		1806
916		1405		22971		1806
917		1405		22971		1806
918		1405		22971		1806
919		1405		22971		1806
920		1405		22971		1806
921		1405		22971		1806
922		1405		22971		1806
923		1405		22971		1806
924		1405		22971		1806
925		1405		22971		1806
926		1405		22971		1806
927		1405		22971		1806
928		1405		22971		1806
929		1405		22971		1806
930		1405		22971		1806
931		1405		22971		1806
932		1405		22971		1806
933		1405		22971		1806
934		1405		22971		1806
935		1405		22971		1806
936		1405		22971		1806
937		1405		22971		1806
938		1405		22971		1806
939		1405		22971		1806
940		1405		22971		1806
941		1405		22971		1806
942		1405		22971		1806
943		1405		22971		1806
944		1405		22971		1806
945		1405		22971		1806
946		1405		22971		1806
947		1405		22971		1806
948		1405		22971		1806
949		1405		22971		1806
950		1405		22971		1806
951		1405		22971		1806
952		1405		22971		1806
953		1405		22971		1806
954		1405		22971		1806
955		1405		22971		1806
956		1405		22971		1806
957		1405		22971		1806
958		1405		22971		1806
959		1405		22971		1806
960		1405		22971		1806
961		1405		22971		1806
962		1405		22971		1806
963		1405		22971		1806
964		1405		22971		1806
965		1405		22971		1806
966		1405		22971		1806
967		1405		22971		1806
968		1405		22971		1806
969		1405		22971		1806
970		1405		22971		1806
971		1405		22971		1806
972		1405		22971		1806
973		1405		22971		1806
974		1405		22971		1806
975		1405		22971		1806
976		1405		22971		1806
977		1405		22971		1806
978		1405		22971		1806
979		1405		22971		1806
980		1405		22971		1806
981		1405		22971		1806
982		1405		22971		1806
983		1405		22971		1806
984		1405		22971		1806
985		1405		22971		1806
986		1405		22971		1806
987		1405		22971		1806
988		1405		22971		1806
989		1405		22971		1806
990		1405		22971		1806
991		1405		22971		1806
992		1405		22971		1806
993		1405		22971		1806
994		1405		22971		1806
995		1405		22971		1806
996		1405		22971		1806
997		1405		22971		1806
998		1405		22971		1806
999		1405		22971		1806
