# Migration is number of nodes that have changed color.

Round		Edge-Cut		Swaps		Migrations		Skipped
0		122298		1992		1985
1		121780		3966		2018
2		121249		5851		2036
3		111419		7609		2002
4		95893		8967		2044
5		81749		9951		2063
6		70850		10733		2063
7		63427		11265		2036
8		58595		11682		2032
9		53930		12010		2030
10		50232		12309		2034
11		47539		12522		2058
12		46142		12702		2033
13		45249		12862		2049
14		44703		12980		2045
15		44150		13093		2043
16		43562		13186		2039
17		43314		13259		2043
18		43014		13335		2058
19		42776		13387		2050
20		42519		13436		2048
21		42425		13487		2048
22		42242		13543		2053
23		42100		13576		2049
24		41957		13605		2052
25		41896		13638		2046
26		41814		13662		2050
27		41745		13690		2046
28		41641		13720		2052
29		41635		13746		2048
30		41631		13762		2048
31		41609		13786		2050
32		41554		13806		2052
33		41514		13821		2044
34		41497		13836		2041
35		41516		13858		2044
36		41493		13870		2039
37		41472		13885		2036
38		41531		13902		2036
39		41594		13913		2036
40		41576		13929		2038
41		41555		13941		2035
42		41551		13953		2040
43		41543		13961		2040
44		41532		13973		2040
45		41527		13985		2042
46		41519		13995		2046
47		41504		14006		2051
48		41476		14015		2053
49		41469		14022		2054
50		41457		14035		2051
51		41431		14043		2052
52		41429		14054		2056
53		41428		14056		2059
54		41416		14067		2053
55		41409		14079		2058
56		41408		14085		2059
57		41415		14094		2058
58		41431		14102		2060
59		41429		14110		2059
60		41439		14116		2054
61		41439		14122		2057
62		41433		14124		2057
63		41427		14131		2053
64		41421		14136		2054
65		41421		14140		2053
66		41423		14146		2051
67		41422		14152		2053
68		41406		14156		2051
69		41405		14159		2051
70		41407		14163		2050
71		41396		14171		2049
72		41396		14176		2049
73		41388		14182		2049
74		41386		14183		2048
75		41381		14188		2047
76		41381		14193		2051
77		41381		14194		2050
78		41329		14197		2048
79		41328		14201		2049
80		41327		14205		2050
81		41327		14206		2049
82		41306		14210		2050
83		41304		14215		2051
84		41308		14218		2051
85		41372		14219		2052
86		41364		14224		2053
87		41363		14226		2052
88		41362		14229		2055
89		41361		14234		2054
90		41360		14235		2053
91		41360		14239		2053
92		41358		14244		2050
93		41358		14246		2051
94		41345		14251		2050
95		41343		14255		2049
96		41343		14255		2049
97		41343		14258		2049
98		41343		14259		2049
99		41343		14263		2050
100		41343		14264		2050
101		41343		14266		2050
102		41344		14273		2050
103		41344		14275		2049
104		41344		14281		2047
105		41344		14283		2048
106		41344		14286		2050
107		41344		14287		2051
108		41344		14289		2052
109		41348		14294		2051
110		41348		14296		2050
111		41329		14299		2049
112		41370		14305		2047
113		41368		14306		2047
114		41370		14309		2045
115		41370		14310		2045
116		41370		14315		2048
117		41370		14318		2050
118		41370		14318		2050
119		41367		14320		2050
120		41367		14321		2049
121		41367		14321		2049
122		41366		14323		2047
123		41366		14324		2048
124		41366		14326		2049
125		41366		14327		2050
126		41366		14328		2050
127		41366		14333		2054
128		41366		14333		2054
129		41366		14335		2052
130		41360		14340		2052
131		41360		14343		2050
132		41360		14345		2049
133		41360		14349		2047
134		41360		14352		2044
135		41373		14355		2043
136		41373		14359		2044
137		41370		14362		2042
138		41368		14366		2041
139		41368		14369		2043
140		41368		14371		2043
141		41363		14378		2048
142		41363		14381		2047
143		41361		14386		2052
144		41353		14392		2053
145		41353		14393		2052
146		41353		14396		2054
147		41353		14402		2055
148		41353		14404		2055
149		41353		14406		2053
150		41353		14408		2051
151		41351		14412		2053
152		41351		14413		2054
153		41351		14413		2054
154		41350		14420		2051
155		41346		14421		2052
156		41342		14424		2049
157		41342		14426		2049
158		41342		14430		2048
159		41341		14432		2050
160		41341		14436		2052
161		41341		14439		2052
162		41340		14442		2051
163		41340		14445		2051
164		41340		14446		2051
165		41340		14448		2050
166		41340		14450		2050
167		41340		14451		2051
168		41340		14452		2051
169		41340		14452		2051
170		41340		14453		2052
171		41345		14456		2052
172		41345		14460		2051
173		41345		14461		2051
174		41345		14461		2051
175		41345		14463		2052
176		41345		14464		2052
177		41345		14466		2050
178		41345		14468		2052
179		41345		14472		2049
180		41345		14472		2049
181		41345		14476		2049
182		41345		14479		2048
183		41345		14483		2052
184		41345		14483		2052
185		41345		14487		2054
186		41339		14489		2055
187		41337		14494		2055
188		41337		14497		2056
189		41337		14500		2055
190		41335		14505		2054
191		41334		14508		2055
192		41333		14510		2054
193		41333		14512		2054
194		41333		14514		2054
195		41330		14518		2054
196		41329		14524		2057
197		41329		14526		2057
198		41329		14529		2058
199		41329		14533		2056
200		41329		14534		2056
201		41329		14537		2055
202		41329		14539		2054
203		41329		14542		2055
204		41329		14544		2056
205		41329		14546		2057
206		41329		14546		2057
207		41329		14547		2057
208		41329		14549		2058
209		41329		14549		2058
210		41329		14552		2055
211		41329		14558		2055
212		41329		14561		2053
213		41329		14563		2055
214		41329		14564		2056
215		41329		14569		2054
216		41328		14572		2053
217		41328		14574		2052
218		41328		14577		2053
219		41328		14580		2052
220		41328		14581		2053
221		41327		14586		2051
222		41327		14589		2055
223		41327		14592		2058
224		41327		14593		2059
225		41327		14594		2058
226		41327		14596		2060
227		41327		14598		2059
228		41327		14598		2059
229		41327		14599		2057
230		41327		14604		2058
231		41327		14604		2058
232		41327		14606		2059
233		41327		14606		2059
234		41327		14608		2058
235		41327		14610		2056
236		41327		14612		2055
237		41327		14614		2056
238		41327		14616		2058
239		41327		14618		2057
240		41327		14620		2057
241		41327		14621		2057
242		41327		14624		2057
243		41327		14624		2057
244		41327		14628		2053
245		41327		14629		2053
246		41327		14632		2052
247		41327		14635		2051
248		41327		14636		2052
249		41327		14637		2053
250		41327		14639		2055
251		41327		14640		2054
252		41327		14644		2055
253		41327		14644		2055
254		41327		14647		2055
255		41327		14649		2058
256		41327		14652		2058
257		41327		14655		2058
258		41327		14657		2059
259		41327		14658		2059
260		41327		14661		2057
261		41327		14663		2057
262		41327		14664		2058
263		41327		14665		2059
264		41327		14668		2057
265		41327		14669		2057
266		41327		14671		2057
267		41327		14672		2055
268		41327		14673		2057
269		41327		14677		2057
270		41327		14681		2055
271		41327		14685		2057
272		41327		14690		2056
273		41327		14693		2057
274		41327		14693		2057
275		41327		14693		2057
276		41327		14697		2057
277		41327		14699		2057
278		41329		14703		2058
279		41329		14705		2060
280		41329		14707		2061
281		41329		14709		2061
282		41329		14712		2062
283		41329		14716		2061
284		41329		14718		2058
285		41329		14720		2058
286		41329		14722		2057
287		41329		14723		2057
288		41329		14725		2058
289		41329		14727		2059
290		41329		14732		2057
291		41329		14734		2060
292		41329		14736		2061
293		41329		14741		2063
294		41329		14750		2062
295		41329		14752		2061
296		41329		14756		2062
297		41329		14759		2061
298		41328		14764		2063
299		41328		14767		2063
300		41328		14769		2060
301		41328		14771		2061
302		41328		14773		2061
303		41328		14777		2060
304		41328		14779		2058
305		41328		14781		2059
306		41328		14781		2059
307		41328		14782		2057
308		41328		14784		2056
309		41328		14787		2058
310		41328		14788		2058
311		41328		14788		2058
312		41328		14791		2061
313		41328		14791		2061
314		41328		14791		2061
315		41328		14794		2061
316		41328		14796		2063
317		41328		14797		2062
318		41328		14798		2063
319		41328		14798		2063
320		41328		14799		2062
321		41328		14801		2062
322		41328		14801		2062
323		41328		14803		2061
324		41328		14803		2061
325		41328		14806		2060
326		41328		14806		2060
327		41328		14808		2060
328		41328		14809		2059
329		41328		14810		2059
330		41328		14810		2059
331		41328		14813		2057
332		41328		14813		2057
333		41328		14816		2055
334		41328		14818		2054
335		41328		14818		2054
336		41328		14819		2054
337		41328		14820		2054
338		41328		14821		2053
339		41328		14825		2052
340		41328		14826		2052
341		41328		14829		2055
342		41328		14832		2054
343		41328		14832		2054
344		41328		14833		2053
345		41328		14834		2053
346		41328		14835		2053
347		41328		14838		2056
348		41328		14840		2056
349		41328		14842		2055
350		41328		14844		2055
351		41328		14844		2055
352		41328		14847		2056
353		41328		14851		2061
354		41328		14853		2059
355		41328		14856		2057
356		41328		14856		2057
357		41328		14857		2056
358		41328		14857		2056
359		41328		14858		2055
360		41328		14858		2055
361		41328		14860		2055
362		41328		14860		2055
363		41328		14861		2055
364		41328		14863		2055
365		41328		14865		2055
366		41328		14867		2053
367		41328		14869		2052
368		41328		14870		2052
369		41328		14873		2054
370		41328		14875		2052
371		41328		14876		2052
372		41295		14878		2054
373		41295		14879		2053
374		41295		14879		2053
375		41295		14881		2053
376		41295		14883		2052
377		41295		14884		2050
378		41295		14887		2049
379		41295		14889		2050
380		41295		14890		2050
381		41295		14891		2051
382		41295		14893		2052
383		41295		14895		2053
384		41295		14895		2053
385		41295		14898		2056
386		41295		14899		2055
387		41295		14901		2057
388		41295		14905		2058
389		41295		14906		2058
390		41295		14911		2057
391		41295		14915		2054
392		41295		14916		2055
393		41295		14918		2053
394		41295		14920		2053
395		41295		14924		2052
396		41295		14927		2054
397		41295		14929		2056
398		41295		14934		2055
399		41295		14935		2054
400		41295		14936		2055
401		41295		14938		2054
402		41295		14941		2055
403		41295		14942		2057
404		41295		14945		2062
405		41295		14945		2062
406		41295		14948		2061
407		41295		14950		2061
408		41295		14953		2061
409		41295		14955		2060
410		41295		14957		2059
411		41295		14959		2059
412		41295		14961		2059
413		41295		14964		2058
414		41295		14967		2062
415		41295		14968		2062
416		41295		14968		2062
417		41295		14972		2059
418		41295		14973		2057
419		41295		14973		2057
420		41295		14978		2054
421		41295		14981		2052
422		41295		14982		2052
423		41295		14984		2052
424		41295		14987		2052
425		41295		14988		2051
426		41295		14990		2053
427		41295		14992		2054
428		41295		14994		2054
429		41295		14996		2055
430		41295		14998		2054
431		41295		15000		2053
432		41295		15001		2053
433		41295		15002		2052
434		41295		15004		2052
435		41295		15006		2052
436		41295		15008		2052
437		41295		15009		2053
438		41295		15010		2054
439		41295		15012		2052
440		41295		15013		2052
441		41295		15016		2055
442		41295		15019		2054
443		41295		15020		2053
444		41295		15022		2053
445		41295		15024		2051
446		41295		15026		2053
447		41295		15029		2055
448		41295		15033		2050
449		41295		15035		2051
450		41295		15037		2051
451		41295		15042		2051
452		41295		15045		2052
453		41295		15047		2052
454		41295		15047		2052
455		41295		15048		2052
456		41295		15054		2052
457		41295		15060		2051
458		41295		15062		2053
459		41295		15065		2054
460		41295		15068		2056
461		41295		15068		2056
462		41295		15069		2057
463		41295		15072		2054
464		41295		15075		2053
465		41295		15075		2053
466		41295		15077		2054
467		41295		15078		2054
468		41295		15078		2054
469		41295		15079		2053
470		41295		15081		2051
471		41295		15086		2050
472		41295		15089		2050
473		41295		15090		2052
474		41295		15095		2058
475		41295		15096		2057
476		41295		15097		2056
477		41295		15101		2056
478		41295		15102		2057
479		41295		15104		2058
480		41295		15104		2058
481		41295		15106		2057
482		41295		15108		2054
483		41295		15110		2054
484		41295		15114		2054
485		41295		15115		2055
486		41295		15117		2056
487		41295		15118		2056
488		41295		15119		2056
489		41295		15123		2057
490		41295		15124		2057
491		41295		15128		2056
492		41295		15129		2055
493		41295		15133		2056
494		41295		15134		2056
495		41295		15137		2055
496		41295		15141		2054
497		41295		15142		2055
498		41295		15145		2054
499		41295		15146		2053
500		41295		15148		2051
501		41295		15148		2051
502		41295		15153		2051
503		41295		15155		2052
504		41295		15158		2051
505		41295		15159		2053
506		41295		15159		2053
507		41295		15162		2055
508		41295		15163		2055
509		41295		15166		2054
510		41295		15169		2054
511		41295		15172		2055
512		41295		15174		2054
513		41295		15175		2053
514		41295		15177		2054
515		41295		15178		2054
516		41295		15180		2056
517		41295		15182		2054
518		41295		15189		2056
519		41295		15190		2058
520		41295		15190		2058
521		41295		15192		2055
522		41295		15193		2056
523		41295		15194		2055
524		41295		15195		2057
525		41295		15195		2057
526		41295		15199		2060
527		41295		15201		2059
528		41295		15206		2053
529		41295		15210		2055
530		41295		15211		2054
531		41295		15214		2055
532		41295		15215		2055
533		41295		15220		2054
534		41295		15225		2059
535		41295		15226		2059
536		41295		15229		2061
537		41295		15230		2060
538		41295		15232		2059
539		41295		15234		2056
540		41295		15238		2055
541		41295		15240		2055
542		41295		15242		2052
543		41295		15244		2055
544		41295		15244		2055
545		41295		15245		2054
546		41295		15247		2053
547		41295		15250		2056
548		41295		15253		2057
549		41295		15255		2056
550		41295		15257		2059
551		41295		15257		2059
552		41295		15261		2056
553		41295		15262		2056
554		41295		15265		2061
555		41295		15267		2061
556		41295		15268		2059
557		41295		15268		2059
558		41295		15270		2058
559		41295		15272		2059
560		41295		15272		2059
561		41295		15272		2059
562		41295		15273		2059
563		41295		15275		2061
564		41295		15279		2061
565		41295		15282		2065
566		41295		15285		2064
567		41295		15289		2065
568		41295		15291		2066
569		41295		15294		2066
570		41295		15298		2065
571		41295		15302		2064
572		41295		15305		2059
573		41295		15306		2058
574		41295		15307		2059
575		41295		15309		2059
576		41295		15310		2060
577		41295		15313		2060
578		41295		15315		2060
579		41295		15318		2059
580		41295		15318		2059
581		41295		15319		2058
582		41295		15319		2058
583		41295		15322		2057
584		41295		15325		2057
585		41295		15327		2056
586		41295		15327		2056
587		41295		15328		2056
588		41295		15330		2057
589		41295		15334		2059
590		41295		15335		2058
591		41295		15336		2056
592		41295		15336		2056
593		41295		15338		2055
594		41295		15338		2055
595		41295		15342		2056
596		41295		15345		2055
597		41295		15346		2057
598		41295		15346		2057
599		41295		15348		2057
600		41295		15350		2058
601		41295		15350		2058
602		41295		15350		2058
603		41295		15352		2058
604		41295		15357		2054
605		41295		15358		2053
606		41295		15358		2053
607		41295		15358		2053
608		41295		15360		2055
609		41295		15360		2055
610		41295		15362		2056
611		41295		15364		2057
612		41295		15367		2055
613		41295		15369		2058
614		41295		15370		2058
615		41295		15370		2058
616		41295		15373		2059
617		41295		15373		2059
618		41295		15373		2059
619		41295		15377		2061
620		41295		15377		2061
621		41295		15379		2060
622		41295		15380		2060
623		41295		15381		2060
624		41295		15384		2059
625		41295		15385		2058
626		41295		15387		2059
627		41295		15388		2059
628		41295		15391		2058
629		41295		15393		2056
630		41295		15395		2056
631		41295		15396		2056
632		41295		15399		2055
633		41295		15400		2056
634		41295		15401		2057
635		41295		15404		2059
636		41295		15406		2059
637		41295		15408		2058
638		41295		15410		2059
639		41295		15412		2058
640		41295		15413		2058
641		41295		15414		2059
642		41295		15417		2060
643		41295		15418		2061
644		41295		15424		2063
645		41295		15426		2060
646		41295		15426		2060
647		41295		15431		2060
648		41295		15433		2060
649		41295		15435		2062
650		41295		15436		2062
651		41295		15439		2062
652		41295		15441		2063
653		41295		15442		2064
654		41295		15443		2062
655		41295		15446		2060
656		41295		15446		2060
657		41295		15448		2059
658		41295		15449		2060
659		41295		15451		2061
660		41295		15453		2064
661		41295		15456		2063
662		41295		15457		2062
663		41295		15460		2064
664		41295		15460		2064
665		41295		15464		2065
666		41295		15467		2063
667		41295		15469		2066
668		41295		15471		2068
669		41295		15472		2068
670		41295		15473		2069
671		41295		15473		2069
672		41295		15476		2069
673		41295		15477		2067
674		41295		15479		2068
675		41295		15480		2067
676		41295		15482		2066
677		41295		15485		2067
678		41295		15487		2064
679		41295		15491		2065
680		41295		15492		2067
681		41295		15492		2067
682		41295		15495		2069
683		41295		15496		2069
684		41295		15498		2066
685		41295		15501		2066
686		41295		15502		2067
687		41295		15502		2067
688		41295		15504		2067
689		41295		15505		2068
690		41295		15505		2068
691		41295		15510		2068
692		41295		15513		2068
693		41295		15514		2069
694		41295		15517		2070
695		41295		15520		2068
696		41295		15522		2066
697		41295		15523		2065
698		41295		15525		2065
699		41295		15528		2063
700		41295		15529		2061
701		41295		15532		2060
702		41295		15535		2061
703		41295		15538		2057
704		41295		15540		2057
705		41295		15541		2056
706		41295		15544		2055
707		41295		15545		2056
708		41295		15548		2056
709		41295		15551		2057
710		41295		15552		2057
711		41295		15554		2057
712		41295		15555		2057
713		41295		15557		2055
714		41295		15558		2055
715		41295		15560		2056
716		41295		15564		2054
717		41295		15566		2055
718		41295		15568		2055
719		41295		15570		2055
720		41295		15572		2054
721		41295		15574		2054
722		41295		15575		2053
723		41295		15577		2053
724		41295		15578		2054
725		41295		15580		2058
726		41295		15580		2058
727		41295		15581		2058
728		41295		15584		2058
729		41295		15585		2057
730		41295		15586		2057
731		41295		15587		2057
732		41295		15590		2055
733		41295		15591		2055
734		41295		15592		2056
735		41295		15593		2056
736		41295		15594		2057
737		41295		15596		2059
738		41295		15596		2059
739		41295		15597		2059
740		41295		15597		2059
741		41295		15600		2059
742		41295		15602		2057
743		41295		15604		2056
744		41295		15606		2057
745		41295		15607		2057
746		41295		15609		2058
747		41295		15611		2058
748		41295		15611		2058
749		41295		15612		2058
750		41295		15612		2058
751		41295		15613		2060
752		41295		15614		2060
753		41295		15614		2060
754		41295		15616		2060
755		41295		15618		2060
756		41295		15620		2060
757		41295		15621		2062
758		41295		15623		2059
759		41295		15624		2059
760		41295		15625		2059
761		41295		15628		2060
762		41295		15633		2059
763		41295		15634		2060
764		41295		15636		2060
765		41295		15639		2059
766		41295		15640		2058
767		41295		15640		2058
768		41295		15643		2058
769		41295		15644		2057
770		41295		15644		2057
771		41295		15646		2060
772		41295		15648		2062
773		41295		15649		2061
774		41295		15651		2059
775		41295		15655		2057
776		41295		15655		2057
777		41295		15655		2057
778		41295		15657		2058
779		41295		15659		2057
780		41295		15660		2057
781		41295		15661		2056
782		41295		15664		2058
783		41295		15664		2058
784		41295		15667		2059
785		41295		15667		2059
786		41295		15669		2058
787		41295		15669		2058
788		41295		15670		2057
789		41295		15672		2056
790		41295		15677		2057
791		41295		15678		2056
792		41295		15678		2056
793		41295		15680		2057
794		41295		15680		2057
795		41295		15682		2057
796		41295		15684		2057
797		41295		15686		2057
798		41295		15688		2057
799		41295		15692		2059
800		41295		15693		2059
801		41295		15693		2059
802		41295		15695		2058
803		41295		15696		2056
804		41295		15697		2057
805		41295		15698		2057
806		41295		15701		2055
807		41295		15705		2055
808		41295		15708		2056
809		41295		15709		2055
810		41295		15711		2055
811		41295		15712		2053
812		41295		15712		2053
813		41295		15717		2052
814		41295		15718		2051
815		41295		15718		2051
816		41295		15720		2052
817		41295		15723		2051
818		41295		15724		2051
819		41295		15724		2051
820		41295		15724		2051
821		41295		15726		2050
822		41295		15726		2050
823		41295		15729		2050
824		41295		15730		2051
825		41295		15731		2052
826		41295		15733		2050
827		41295		15734		2049
828		41295		15734		2049
829		41295		15736		2051
830		41295		15738		2052
831		41295		15739		2054
832		41295		15741		2054
833		41295		15742		2054
834		41295		15744		2054
835		41295		15748		2054
836		41295		15749		2055
837		41295		15751		2053
838		41295		15753		2053
839		41295		15755		2054
840		41295		15757		2053
841		41295		15758		2052
842		41295		15760		2054
843		41295		15763		2055
844		41295		15763		2055
845		41295		15763		2055
846		41295		15767		2052
847		41295		15767		2052
848		41295		15767		2052
849		41295		15769		2052
850		41295		15773		2054
851		41295		15775		2053
852		41295		15777		2053
853		41295		15779		2053
854		41295		15779		2053
855		41295		15782		2051
856		41295		15785		2052
857		41295		15787		2052
858		41295		15787		2052
859		41295		15787		2052
860		41295		15787		2052
861		41295		15790		2053
862		41295		15794		2056
863		41295		15795		2057
864		41295		15797		2059
865		41295		15801		2060
866		41295		15803		2060
867		41295		15806		2058
868		41295		15808		2058
869		41295		15811		2060
870		41295		15812		2061
871		41295		15813		2061
872		41295		15819		2061
873		41295		15821		2060
874		41295		15824		2058
875		41295		15827		2057
876		41295		15829		2057
877		41295		15832		2057
878		41295		15833		2057
879		41295		15833		2057
880		41295		15835		2056
881		41295		15837		2056
882		41295		15840		2057
883		41295		15840		2057
884		41295		15844		2056
885		41295		15844		2056
886		41295		15844		2056
887		41295		15846		2058
888		41295		15850		2059
889		41295		15855		2061
890		41295		15856		2062
891		41295		15858		2061
892		41295		15858		2061
893		41295		15860		2060
894		41295		15862		2059
895		41295		15862		2059
896		41295		15862		2059
897		41295		15863		2059
898		41295		15865		2059
899		41295		15869		2060
900		41295		15871		2061
901		41295		15872		2060
902		41295		15873		2059
903		41295		15875		2060
904		41295		15875		2060
905		41295		15879		2061
906		41295		15879		2061
907		41295		15879		2061
908		41295		15879		2061
909		41295		15882		2062
910		41295		15882		2062
911		41295		15885		2061
912		41295		15886		2060
913		41295		15889		2061
914		41295		15891		2061
915		41295		15894		2059
916		41295		15896		2058
917		41295		15900		2058
918		41295		15901		2058
919		41295		15904		2060
920		41295		15905		2062
921		41295		15907		2062
922		41295		15910		2062
923		41295		15910		2062
924		41295		15913		2064
925		41295		15915		2063
926		41295		15919		2060
927		41295		15920		2060
928		41295		15922		2057
929		41295		15922		2057
930		41295		15924		2058
931		41295		15927		2059
932		41295		15928		2060
933		41295		15930		2058
934		41295		15931		2058
935		41295		15933		2058
936		41295		15934		2058
937		41295		15937		2058
938		41295		15938		2057
939		41295		15939		2056
940		41295		15941		2058
941		41295		15942		2058
942		41295		15942		2058
943		41295		15946		2059
944		41295		15949		2057
945		41295		15952		2058
946		41295		15953		2059
947		41295		15956		2057
948		41295		15959		2056
949		41295		15960		2056
950		41295		15963		2056
951		41295		15965		2057
952		41295		15970		2058
953		41295		15973		2056
954		41295		15975		2056
955		41295		15977		2056
956		41295		15979		2058
957		41295		15981		2061
958		41295		15982		2059
959		41295		15986		2058
960		41295		15988		2057
961		41295		15989		2059
962		41295		15993		2062
963		41295		15994		2062
964		41295		15998		2063
965		41295		15998		2063
966		41295		16001		2062
967		41295		16002		2060
968		41295		16002		2060
969		41295		16004		2060
970		41295		16005		2060
971		41295		16008		2058
972		41295		16008		2058
973		41295		16010		2054
974		41295		16010		2054
975		41295		16013		2055
976		41295		16015		2057
977		41295		16019		2058
978		41295		16022		2057
979		41295		16025		2059
980		41295		16026		2059
981		41295		16027		2058
982		41295		16031		2058
983		41295		16033		2057
984		41295		16034		2058
985		41295		16035		2058
986		41295		16037		2057
987		41295		16038		2057
988		41295		16039		2057
989		41295		16043		2057
990		41295		16043		2057
991		41295		16043		2057
992		41295		16045		2057
993		41295		16049		2056
994		41295		16050		2057
995		41295		16053		2054
996		41295		16054		2054
997		41295		16056		2053
998		41295		16058		2053
999		41295		16059		2052
