# Migration is number of nodes that have changed color.

Round		Edge-Cut		Swaps		Migrations		Skipped
0		122717		2019		2022
1		122544		4010		2037
2		121711		5990		2055
3		119940		7904		2059
4		112457		9633		2053
5		103800		11091		2048
6		97398		12393		2021
7		93382		13574		2043
8		89748		14682		2024
9		88176		15705		2016
10		86671		16671		2038
11		85897		17581		2027
12		85842		18446		2019
13		84964		19307		2044
14		85230		20127		2048
15		85169		21032		2057
16		85522		21901		2054
17		84852		22727		2025
18		84755		23528		2052
19		84760		24370		2043
20		84448		25152		2002
21		84668		26006		2038
22		84646		26824		2055
23		84928		27613		2036
24		84881		28431		2057
25		85011		29251		2048
26		84430		30050		2055
27		84282		30857		2077
28		84577		31690		2033
29		84563		32488		2024
30		84604		33319		2067
31		84521		34094		2072
32		84839		34933		2065
33		84457		35764		2024
34		84433		36552		2020
35		84688		37372		2025
36		84565		38141		2069
37		84574		38923		2044
38		84234		39718		2046
39		84256		40520		2049
40		84646		41289		2047
41		84333		42054		2030
42		84312		42867		2050
43		84232		43676		2038
44		84202		44467		2055
45		84158		45238		2051
46		84234		46010		2030
47		84304		46798		2057
48		84496		47586		2081
49		84180		48387		2038
50		84093		49176		2038
51		84123		49965		2018
52		83746		50730		2037
53		84178		51517		2020
54		84077		52317		2026
55		83718		53089		2044
56		83579		53852		2035
57		84049		54611		2039
58		83870		55382		2042
59		83950		56141		2057
60		84189		56912		2051
61		83708		57669		2055
62		84162		58426		2084
63		83918		59192		2035
64		83413		59980		2067
65		84007		60776		2037
66		83965		61594		2053
67		84076		62341		2039
68		84110		63127		2016
69		84497		63926		2064
70		84467		64726		2035
71		84576		65512		2044
72		84226		66314		2042
73		84220		67132		2066
74		84221		67926		2055
75		83915		68718		2047
76		83915		69505		2025
77		84057		70294		2023
78		84217		71092		2058
79		83744		71850		2045
80		83558		72619		2067
81		84170		73394		2053
82		84086		74208		2036
83		83751		74987		2035
84		83894		75776		2062
85		83808		76531		2052
86		83619		77287		2050
87		83698		78055		2047
88		83692		78810		2036
89		83692		79593		2065
90		83799		80373		2050
91		83999		81147		2042
92		83548		81935		2013
93		83662		82705		2039
94		83770		83469		2032
95		83735		84228		2061
96		83742		84987		2030
97		83571		85730		2020
98		83929		86496		2038
99		83558		87259		2027
100		83204		88022		2042
101		83740		88780		2051
102		83538		89533		2035
103		83909		90272		2048
104		83492		91025		2027
105		83558		91824		2050
106		83464		92549		2068
107		83650		93305		2043
108		83907		94063		2052
109		83206		94806		2055
110		83702		95545		2054
111		83649		96297		2084
112		83443		97046		2070
113		83798		97821		2055
114		83641		98590		2064
115		83542		99353		2073
116		83179		100113		2066
117		83698		100862		2045
118		83691		101626		2041
119		83771		102348		2032
120		83472		103085		2035
121		83632		103815		2058
122		84023		104541		2031
123		83452		105323		2030
124		83707		106124		2018
125		82989		106902		2047
126		83288		107627		2037
127		83512		108375		2061
128		83379		109098		2020
129		83710		109862		2030
130		83425		110629		2042
131		83399		111368		2040
132		83388		112105		2030
133		83300		112829		2040
134		83306		113567		2030
135		83098		114307		2026
136		83277		115037		2050
137		83143		115767		2050
138		83436		116482		2024
139		83539		117236		2049
140		83077		117954		2047
141		83227		118723		2032
142		83099		119487		2065
143		83329		120242		2044
144		83302		120976		2020
145		83114		121697		2033
146		83046		122444		2021
147		83228		123203		2055
148		83412		123940		2037
149		83156		124664		2035
150		83251		125391		2070
151		83220		126129		2047
152		83375		126880		2085
153		83273		127602		2060
154		83260		128365		2027
155		83261		129110		2034
156		83027		129841		2054
157		82850		130554		2085
158		83094		131272		2024
159		83002		132000		2028
160		82875		132716		2040
161		82748		133435		2048
162		82950		134188		2054
163		82855		134889		2042
164		83202		135635		2028
165		83045		136370		2063
166		82934		137126		2034
167		83158		137840		2068
168		83101		138571		2049
169		82923		139301		2036
170		83140		140029		2041
171		83159		140756		2054
172		83259		141500		2036
173		83080		142211		2042
174		82582		142906		2023
175		83305		143626		2041
176		83086		144384		2037
177		83366		145088		2049
178		83423		145835		2075
179		83159		146563		2065
180		83205		147275		2044
181		83019		147983		2058
182		83124		148718		2050
183		83219		149441		2036
184		82815		150172		1999
185		82952		150904		2041
186		83080		151604		2027
187		82899		152329		2033
188		83069		153077		2048
189		82844		153773		2037
190		83087		154463		2039
191		83046		155215		2019
192		82809		155918		2038
193		83048		156632		2048
194		82899		157368		2026
195		82986		158108		2034
196		82944		158852		2051
197		83162		159567		2071
198		82957		160286		2057
199		83138		161015		2060
200		83104		161758		2052
201		83000		162505		2066
202		82955		163306		2048
203		80190		163951		2067
204		72096		164384		2043
205		65429		164699		2039
206		60975		164951		2071
207		56410		165202		2049
208		53584		165437		2053
209		50769		165643		2034
210		48411		165810		2049
211		46777		165980		2051
212		45520		166119		2053
213		44613		166266		2057
214		43948		166368		2059
215		43343		166461		2051
216		43561		166553		2047
217		43263		166651		2064
218		43194		166749		2057
219		43056		166832		2050
220		42776		166908		2048
221		42734		166977		2046
222		42629		167040		2046
223		42460		167092		2051
224		42603		167156		2054
225		42378		167218		2058
226		42294		167275		2060
227		42231		167340		2062
228		42171		167396		2058
229		42196		167434		2064
230		42120		167496		2043
231		41969		167550		2049
232		41821		167578		2054
233		41767		167617		2059
234		41784		167660		2064
235		41799		167692		2059
236		41770		167722		2056
237		41704		167767		2048
238		41735		167793		2047
239		41728		167826		2037
240		41709		167860		2040
241		41673		167895		2049
242		41600		167931		2050
243		41635		167973		2050
244		41613		168012		2059
245		41622		168050		2057
246		41733		168088		2056
247		41816		168115		2060
248		41842		168142		2066
249		41778		168168		2069
250		41824		168198		2066
251		41724		168242		2059
252		41664		168278		2058
253		41718		168309		2061
254		41620		168340		2058
255		41568		168373		2057
256		41555		168406		2057
257		41646		168439		2054
258		41690		168478		2059
259		41701		168506		2060
260		41738		168544		2063
261		41676		168578		2065
262		41854		168628		2062
263		41724		168667		2061
264		41676		168706		2054
265		41642		168736		2054
266		41648		168770		2050
267		41684		168791		2055
268		41732		168807		2055
269		41608		168829		2058
270		41641		168846		2060
271		41620		168865		2062
272		41604		168889		2059
273		41729		168904		2056
274		41693		168927		2062
275		41621		168942		2058
276		41599		168959		2060
277		41595		168983		2058
278		41572		168998		2054
279		41522		169025		2061
280		41407		169048		2058
281		41502		169065		2067
282		41510		169086		2059
283		41638		169114		2054
284		41564		169135		2056
285		41542		169150		2053
286		41543		169169		2054
287		41556		169185		2056
288		41590		169205		2058
289		41533		169221		2058
290		41515		169234		2063
291		41540		169251		2066
292		41548		169266		2063
293		41573		169281		2060
294		41582		169300		2058
295		41562		169318		2064
296		41546		169337		2062
297		41534		169349		2063
298		41491		169364		2071
299		41454		169373		2070
300		41459		169383		2070
301		41463		169397		2067
302		41460		169409		2066
303		41461		169422		2069
304		41466		169434		2065
305		41464		169438		2068
306		41458		169444		2069
307		41446		169452		2072
308		41443		169463		2064
309		41437		169469		2066
310		41429		169481		2069
311		41399		169495		2063
312		41395		169504		2068
313		41371		169515		2067
314		41417		169522		2068
315		41416		169528		2066
316		41421		169531		2064
317		41415		169534		2064
318		41429		169539		2065
319		41430		169545		2065
320		41427		169549		2065
321		41412		169554		2063
322		41410		169557		2063
323		41410		169557		2063
324		41414		169560		2064
325		41416		169567		2061
326		41411		169571		2059
327		41408		169575		2056
328		41399		169581		2056
329		41398		169582		2057
330		41398		169582		2057
331		41387		169589		2057
332		41385		169592		2058
333		41385		169593		2058
334		41381		169599		2053
335		41385		169604		2055
336		41383		169608		2057
337		41368		169611		2058
338		41368		169611		2058
339		41355		169612		2059
340		41355		169612		2059
341		41355		169614		2061
342		41354		169617		2062
343		41348		169621		2063
344		41347		169623		2065
345		41347		169623		2065
346		41347		169623		2065
347		41348		169625		2066
348		41348		169625		2066
349		41337		169627		2068
350		41331		169630		2070
351		41325		169632		2071
352		41325		169632		2071
353		41324		169634		2071
354		41324		169634		2071
355		41323		169635		2072
356		41323		169635		2072
357		41321		169636		2072
358		41319		169637		2070
359		41320		169638		2069
360		41318		169639		2067
361		41317		169640		2067
362		41315		169642		2066
363		41314		169643		2066
364		41314		169643		2066
365		41318		169644		2065
366		41317		169645		2065
367		41316		169646		2064
368		41321		169647		2065
369		41321		169647		2065
370		41321		169647		2065
371		41321		169647		2065
372		41321		169647		2065
373		41321		169647		2065
374		41321		169647		2065
375		41321		169647		2065
376		41321		169647		2065
377		41321		169647		2065
378		41317		169648		2066
379		41317		169648		2066
380		41317		169648		2066
381		41317		169648		2066
382		41317		169648		2066
383		41317		169648		2066
384		41317		169648		2066
385		41317		169648		2066
386		41317		169648		2066
387		41317		169648		2066
388		41317		169648		2066
389		41317		169648		2066
390		41317		169648		2066
391		41317		169648		2066
392		41317		169648		2066
393		41317		169648		2066
394		41317		169648		2066
395		41317		169648		2066
396		41317		169648		2066
397		41317		169648		2066
398		41317		169648		2066
399		41317		169648		2066
400		41317		169648		2066
401		41317		169648		2066
402		41317		169648		2066
403		41317		169648		2066
404		41317		169648		2066
405		41317		169648		2066
406		41317		169648		2066
407		41317		169648		2066
408		41317		169648		2066
409		41317		169648		2066
410		41317		169648		2066
411		41317		169648		2066
412		41317		169648		2066
413		41317		169648		2066
414		41317		169648		2066
415		41317		169648		2066
416		41317		169648		2066
417		41317		169648		2066
418		41317		169648		2066
419		41317		169648		2066
420		41319		169649		2066
421		41322		169650		2066
422		41322		169650		2066
423		41322		169650		2066
424		41320		169652		2065
425		41320		169652		2065
426		41320		169652		2065
427		41320		169652		2065
428		41320		169652		2065
429		41320		169652		2065
430		41320		169652		2065
431		41319		169653		2065
432		41319		169653		2065
433		41319		169653		2065
434		41319		169653		2065
435		41319		169653		2065
436		41319		169653		2065
437		41319		169653		2065
438		41319		169653		2065
439		41319		169653		2065
440		41319		169653		2065
441		41319		169653		2065
442		41319		169653		2065
443		41318		169654		2065
444		41318		169654		2065
445		41318		169654		2065
446		41315		169655		2064
447		41315		169655		2064
448		41315		169655		2064
449		41315		169655		2064
450		41315		169655		2064
451		41315		169655		2064
452		41315		169655		2064
453		41315		169655		2064
454		41315		169655		2064
455		41315		169655		2064
456		41315		169655		2064
457		41315		169655		2064
458		41315		169655		2064
459		41315		169655		2064
460		41315		169655		2064
461		41315		169655		2064
462		41315		169655		2064
463		41315		169655		2064
464		41315		169655		2064
465		41315		169656		2064
466		41315		169656		2064
467		41315		169656		2064
468		41315		169656		2064
469		41315		169656		2064
470		41315		169656		2064
471		41315		169656		2064
472		41315		169656		2064
473		41315		169656		2064
474		41315		169656		2064
475		41315		169656		2064
476		41315		169656		2064
477		41315		169656		2064
478		41315		169656		2064
479		41315		169656		2064
480		41315		169656		2064
481		41287		169657		2063
482		41247		169658		2063
483		41247		169658		2063
484		41247		169658		2063
485		41247		169658		2063
486		41247		169658		2063
487		41247		169658		2063
488		41246		169659		2064
489		41246		169659		2064
490		41243		169660		2064
491		41243		169660		2064
492		41243		169660		2064
493		41243		169660		2064
494		41245		169662		2063
495		41245		169662		2063
496		41245		169662		2063
497		41244		169663		2062
498		41244		169663		2062
499		41244		169663		2062
500		42180		169719		2049
501		42726		169791		2058
502		43872		169912		2051
503		43794		170043		2052
504		44336		170195		2051
505		44837		170349		2061
506		45407		170502		2054
507		46223		170679		2040
508		46057		170854		2046
509		46157		171024		2057
510		46647		171208		2060
511		46832		171379		2052
512		46441		171601		2039
513		46364		171793		2021
514		46627		171995		2048
515		47772		172208		2036
516		47315		172406		2033
517		47429		172593		2053
518		47071		172790		2025
519		47238		173013		2051
520		46914		173202		2043
521		46577		173387		2045
522		46971		173586		2060
523		47165		173787		2061
524		46944		173977		2079
525		46357		174162		2066
526		45919		174337		2055
527		46628		174526		2065
528		46904		174728		2062
529		47811		174943		2053
530		48002		175166		2056
531		47405		175372		2077
532		47746		175585		2065
533		47459		175792		2074
534		46663		175986		2066
535		46666		176213		2043
536		46209		176421		2068
537		46662		176615		2065
538		46593		176827		2053
539		45753		176997		2059
540		46123		177186		2056
541		46124		177393		2038
542		45919		177569		2036
543		46166		177761		2054
544		45873		177928		2054
545		46384		178084		2045
546		46351		178259		2063
547		47120		178454		2047
548		46727		178655		2051
549		46729		178855		2045
550		46679		179037		2057
551		46465		179254		2042
552		45621		179430		2046
553		46285		179624		2045
554		46195		179794		2049
555		45833		179973		2050
556		45968		180175		2045
557		46279		180336		2042
558		45811		180508		2060
559		45910		180699		2052
560		45739		180874		2067
561		44818		181033		2067
562		44980		181189		2054
563		45135		181327		2046
564		44646		181458		2055
565		45054		181607		2047
566		45238		181777		2055
567		45200		181960		2069
568		45406		182124		2066
569		45277		182277		2056
570		45274		182456		2073
571		45578		182625		2061
572		44964		182800		2074
573		44813		182955		2072
574		45295		183113		2061
575		44967		183264		2064
576		45679		183418		2047
577		45452		183586		2055
578		45771		183735		2078
579		45562		183915		2067
580		45532		184083		2063
581		45147		184242		2064
582		44726		184408		2060
583		45308		184556		2048
584		45297		184724		2039
585		45084		184881		2040
586		45525		185076		2054
587		45271		185255		2051
588		45633		185418		2041
589		45391		185596		2046
590		45443		185762		2052
591		45480		185913		2041
592		45076		186063		2043
593		45060		186235		2047
594		45225		186383		2056
595		44881		186531		2056
596		44976		186659		2052
597		44834		186810		2068
598		44608		186945		2059
599		44814		187099		2046
600		44375		187244		2068
601		44576		187386		2057
602		45206		187542		2061
603		45190		187687		2053
604		44545		187848		2077
605		44767		188023		2077
606		44446		188184		2081
607		44224		188330		2074
608		43872		188457		2052
609		43724		188587		2049
610		43531		188705		2058
611		43787		188837		2062
612		43698		188970		2061
613		43883		189108		2063
614		43459		189253		2069
615		43563		189367		2063
616		43421		189464		2042
617		43537		189573		2041
618		43371		189675		2052
619		43367		189794		2053
620		43405		189920		2050
621		43630		190033		2051
622		43555		190145		2060
623		43520		190245		2058
624		43420		190365		2057
625		43864		190485		2060
626		43636		190594		2058
627		43687		190702		2057
628		44147		190842		2062
629		43874		190982		2061
630		44045		191121		2069
631		44292		191261		2063
632		44089		191380		2053
633		44189		191490		2050
634		44062		191609		2054
635		43868		191725		2058
636		44006		191868		2055
637		44052		191969		2060
638		43986		192050		2060
639		43644		192139		2049
640		43596		192249		2048
641		43293		192337		2064
642		43010		192456		2049
643		43088		192553		2053
644		43256		192677		2061
645		43547		192774		2072
646		43462		192871		2075
647		43599		192981		2071
648		43188		193105		2063
649		43124		193190		2057
650		43411		193277		2065
651		43172		193384		2058
652		42886		193486		2064
653		43108		193600		2072
654		43321		193710		2058
655		43501		193820		2052
656		43391		193929		2048
657		43490		194043		2046
658		42905		194169		2062
659		42840		194278		2049
660		42925		194380		2050
661		42985		194501		2039
662		43029		194593		2042
663		42880		194691		2052
664		42864		194779		2045
665		42692		194862		2046
666		42935		194961		2048
667		43018		195072		2053
668		42939		195169		2059
669		42772		195262		2061
670		42738		195358		2078
671		42547		195436		2076
672		42703		195509		2067
673		42626		195578		2061
674		42754		195679		2056
675		42613		195772		2048
676		42916		195868		2059
677		42928		195960		2058
678		42586		196041		2075
679		42554		196117		2071
680		42797		196188		2066
681		42973		196270		2060
682		42586		196357		2071
683		42584		196416		2062
684		42523		196496		2059
685		42503		196582		2063
686		42479		196642		2052
687		42415		196713		2049
688		42446		196793		2051
689		42392		196844		2049
690		42470		196894		2051
691		42401		196956		2053
692		42304		197023		2049
693		42273		197080		2052
694		42167		197142		2056
695		42307		197201		2056
696		42142		197264		2062
697		42283		197326		2058
698		42299		197410		2071
699		42451		197467		2072
700		42677		197528		2065
701		42467		197590		2055
702		42443		197644		2058
703		42384		197726		2059
704		42361		197792		2064
705		42364		197846		2061
706		42439		197898		2051
707		42365		197961		2045
708		42316		198014		2043
709		42287		198063		2047
710		42075		198117		2046
711		42171		198165		2047
712		41966		198230		2051
713		42240		198297		2057
714		42159		198349		2058
715		42181		198413		2055
716		42286		198465		2040
717		42231		198524		2050
718		42207		198574		2041
719		42275		198636		2040
720		42234		198685		2036
721		42276		198743		2046
722		42214		198787		2047
723		42033		198831		2036
724		42042		198863		2047
725		42054		198892		2037
726		41949		198936		2047
727		41959		198975		2050
728		41873		199009		2046
729		41718		199045		2051
730		41923		199086		2048
731		41887		199120		2054
732		41951		199153		2054
733		41982		199188		2054
734		41982		199216		2056
735		42044		199254		2061
736		41932		199287		2068
737		41831		199320		2068
738		41782		199356		2062
739		41790		199382		2059
740		41723		199416		2063
741		41653		199450		2063
742		41652		199481		2071
743		41692		199515		2071
744		41762		199561		2066
745		41725		199596		2075
746		41813		199636		2073
747		41778		199666		2067
748		41750		199703		2065
749		41804		199732		2061
750		41760		199757		2055
751		41773		199790		2055
752		41690		199817		2056
753		41724		199841		2065
754		41795		199869		2064
755		41641		199901		2065
756		41837		199940		2064
757		41724		199960		2061
758		41692		199996		2073
759		41669		200025		2067
760		41620		200054		2071
761		41767		200086		2072
762		41623		200116		2074
763		41608		200140		2067
764		41665		200164		2073
765		41665		200192		2068
766		41700		200217		2073
767		41698		200242		2076
768		41730		200258		2070
769		41746		200283		2065
770		41737		200302		2067
771		41643		200327		2065
772		41648		200365		2059
773		41654		200395		2058
774		41641		200421		2054
775		41642		200450		2053
776		41668		200488		2049
777		41652		200508		2050
778		41633		200530		2052
779		41615		200548		2051
780		41620		200566		2047
781		41618		200580		2046
782		41595		200594		2041
783		41621		200609		2048
784		41608		200628		2044
785		41594		200639		2044
786		41575		200655		2047
787		41566		200677		2047
788		41552		200692		2052
789		41570		200706		2052
790		41540		200721		2048
791		41535		200742		2052
792		41550		200761		2055
793		41463		200778		2057
794		41486		200794		2060
795		41482		200811		2064
796		41424		200828		2064
797		41402		200841		2060
798		41402		200845		2057
799		41398		200853		2052
800		41341		200871		2054
801		41406		200885		2057
802		41375		200899		2051
803		41366		200909		2046
804		41319		200927		2047
805		41321		200940		2047
806		41318		200946		2048
807		41337		200956		2046
808		41358		200970		2047
809		41367		200978		2046
810		41346		200988		2050
811		41347		200993		2050
812		41329		200997		2051
813		41332		201002		2048
814		41323		201015		2050
815		41394		201026		2049
816		41408		201040		2052
817		41384		201056		2062
818		41371		201062		2062
819		41344		201076		2064
820		41373		201083		2066
821		41371		201090		2062
822		41374		201098		2063
823		41368		201103		2066
824		41370		201113		2064
825		41366		201122		2059
826		41368		201134		2056
827		41349		201142		2059
828		41347		201150		2060
829		41347		201159		2059
830		41345		201164		2062
831		41345		201165		2063
832		41345		201169		2061
833		41343		201175		2063
834		41338		201184		2063
835		41337		201187		2062
836		41328		201194		2062
837		41322		201196		2065
838		41368		201203		2063
839		41367		201206		2066
840		41365		201207		2066
841		41351		201211		2063
842		41342		201215		2066
843		41340		201217		2068
844		41349		201221		2068
845		41341		201226		2068
846		41340		201227		2067
847		41343		201234		2066
848		41343		201238		2067
849		41340		201243		2072
850		41320		201249		2070
851		41317		201252		2071
852		41320		201253		2071
853		41320		201253		2071
854		41320		201253		2071
855		41318		201255		2070
856		41315		201259		2071
857		41315		201259		2071
858		41311		201262		2069
859		41308		201264		2070
860		41307		201265		2071
861		41307		201265		2071
862		41307		201265		2071
863		41307		201265		2071
864		41311		201266		2069
865		41314		201267		2069
866		41314		201267		2069
867		41314		201267		2069
868		41312		201268		2071
869		41311		201269		2071
870		41323		201272		2071
871		41323		201272		2071
872		41314		201274		2068
873		41300		201277		2068
874		41297		201278		2069
875		41301		201279		2070
876		41301		201279		2070
877		41301		201279		2070
878		41301		201279		2070
879		41301		201279		2070
880		41301		201279		2070
881		41304		201280		2070
882		41301		201282		2071
883		41303		201283		2069
884		41303		201283		2069
885		41305		201286		2070
886		41304		201288		2069
887		41304		201288		2069
888		41304		201288		2069
889		41304		201289		2071
890		41307		201290		2072
891		41306		201291		2070
892		41306		201292		2070
893		41306		201292		2070
894		41306		201292		2070
895		41306		201292		2070
896		41306		201292		2070
897		41306		201292		2070
898		41306		201292		2070
899		41306		201292		2070
900		41306		201292		2070
901		41306		201292		2070
902		41306		201292		2070
903		41306		201292		2070
904		41306		201292		2070
905		41326		201295		2071
906		41327		201298		2074
907		41325		201299		2072
908		41325		201299		2072
909		41316		201303		2071
910		41312		201306		2071
911		41323		201309		2072
912		41318		201310		2070
913		41316		201312		2072
914		41315		201313		2073
915		41307		201316		2072
916		41302		201318		2072
917		41299		201321		2072
918		41299		201321		2072
919		41297		201322		2071
920		41297		201322		2071
921		41297		201322		2071
922		41296		201323		2072
923		41296		201323		2072
924		41300		201325		2073
925		41271		201326		2073
926		41271		201326		2073
927		41274		201328		2072
928		41278		201329		2071
929		41277		201330		2072
930		41277		201330		2072
931		41277		201330		2072
932		41277		201330		2072
933		41277		201330		2072
934		41277		201330		2072
935		41277		201330		2072
936		41277		201330		2072
937		41277		201330		2072
938		41275		201331		2071
939		41269		201332		2071
940		41267		201333		2069
941		41267		201333		2069
942		41267		201333		2069
943		41266		201334		2067
944		41266		201334		2067
945		41266		201334		2067
946		41266		201334		2067
947		41266		201334		2067
948		41266		201334		2067
949		41266		201334		2067
950		41266		201334		2067
951		41265		201335		2068
952		41265		201335		2068
953		41265		201335		2068
954		41265		201335		2068
955		41265		201335		2068
956		41265		201335		2068
957		41265		201335		2068
958		41265		201335		2068
959		41265		201335		2068
960		41265		201335		2068
961		41265		201335		2068
962		41269		201336		2068
963		41268		201337		2069
964		41267		201338		2068
965		41267		201338		2068
966		41267		201338		2068
967		41267		201338		2068
968		41267		201338		2068
969		41267		201338		2068
970		41267		201338		2068
971		41267		201338		2068
972		41267		201338		2068
973		41267		201338		2068
974		41267		201338		2068
975		41267		201338		2068
976		41267		201338		2068
977		41267		201338		2068
978		41267		201338		2068
979		41267		201338		2068
980		41267		201338		2068
981		41267		201338		2068
982		41267		201338		2068
983		41267		201338		2068
984		41267		201338		2068
985		41267		201338		2068
986		41267		201338		2068
987		41267		201338		2068
988		41267		201338		2068
989		41267		201338		2068
990		41267		201338		2068
991		41267		201338		2068
992		41267		201338		2068
993		41267		201338		2068
994		41267		201338		2068
995		41267		201338		2068
996		41267		201338		2068
997		41267		201338		2068
998		41267		201338		2068
999		41267		201338		2068
